Id,SalePrice
1,205745
2,177942
3,217711.64
4,151750.5
5,264567.07
6,144590
7,289487
8,190983
9,139536
10,123333.21
11,132622.5
12,328794.65
13,131741.32
14,255121.57
15,153982
16,147034.5
17,152413.5
18,105992.27
19,153962.32
20,138938.64
21,311949.47
22,158838
23,232368
24,133515.02
25,151037
26,269556.95
27,134616
28,290857.88
29,182092
30,68268.11
31,78804.86
32,149400
33,209076.17
34,154351
35,290109.54
36,280979.84
37,147324
38,141511.14
39,116018
40,97557.64
41,159910.5
42,159774
43,138446
44,129109.5
45,140416.5
46,306772.07
47,232726.11
48,271550.68
49,87375.74
50,118401.5
51,184875
52,125952.25
53,120109.6
54,435706.71
55,126606.89
56,172066
57,181479.8571
58,210955.35
59,367057.43
60,123742.5
61,158689.72
62,103737.79
63,228822.48
64,150598.36
65,213080.12
66,265101.49
67,230620
68,224418.4
69,90931.5
70,220063
71,227765
72,124546
73,192353.44
74,145601.25
75,101342
76,81988.11
77,127672.82
78,130715.75
79,129315.53
80,113029.5
81,174012.5
82,174457.64
83,247649.75
84,131255.5
85,171259
86,266705.73
87,175550.17
88,160308.82
89,94156.32
90,126087.6
91,104726.75
92,111989.07
93,150277.74
94,140274.5
95,196374.32
96,180490
97,216553.25
98,104907.9
99,119573.35
100,130056.14
101,205074
102,164076.5
103,128228.6
104,206232.36
105,171853.35
106,252153
107,104143.88
108,104461
109,137838.5
110,189760
111,138372
112,178621.4
113,321338.7
114,206514.9
115,226629
116,161276.97
117,140190
118,149170.4
119,291423.8
120,172165.9
121,199611.3
122,104513.21
123,138631.25
124,158879.32
125,186334.24
126,98385.87
127,144862.6
128,93075.34
129,151183.75
130,147296
131,227006
132,193188
133,148350.5
134,242392.13
135,171041.5
136,167128.56
137,144583.37
138,195765
139,239090
140,214367.85
141,111615.25
142,251564.38
143,112144
144,209148.2
145,137282
146,137004.66
147,104801.21
148,221378.64
149,198169.49
150,112210.1
151,126032.5
152,341500.02
153,186485.35
154,209244
155,141521.5
156,92813
157,112911
158,259096.5
159,243762.77
160,265317.79
161,166060.5
162,379994.84
163,223872.89
164,108564.16
165,138248.5
166,126909.34
167,176661.24
168,305431.54
169,189416.6
170,310044.04
171,124775
172,199234.48
173,216492.19
174,159594.5
175,182431.48
176,233483
177,193776.5
178,148977.46
179,473191.16
180,104870.84
181,172602
182,158812.5
183,127327.5
184,207696.35
185,130816.84
186,452077.96
187,209622.7
188,132794.87
189,145709.5
190,268962.44
191,292737.92
192,179670.35
193,193912.48
194,136737.65
195,125752
196,147179.5
197,280742.35
198,253148
199,116225.95
200,273387.27
201,142050.14
202,154289.5
203,117240
204,146826.25
205,94843.5
206,191936.8
207,149866.5
208,137385.57
209,253272.5
210,147047.5
211,97100
212,186693.6
213,241658.68
214,148391.09
215,160449
216,141532.25
217,201001.8
218,103927
219,284462.08
220,180789.4
221,213684.7
222,195260
223,178635
224,121133.24
225,413060.65
226,107546.18
227,276622.1
228,103878.04
229,123325
230,191176.82
231,147237.25
232,280504.3
233,94533
234,129614.5
235,206324
236,89336
237,204074.16
238,205313
239,306226.02
240,120724
241,259347.73
242,106687.5
243,92823.93
244,133186
245,208426.34
246,241089
247,137617.79
248,142065
249,208362.39
250,256911.8
251,85462.72
252,249063.33
253,177218.32
254,164032
255,140592
256,211588.25
257,200296
258,219774.93
259,230395.9
260,130149.87
261,180804.5
262,295629.76
263,172889.75
264,130228.02
265,109385.77
266,177065
267,186742
268,136173.5
269,112248.15
270,153149.5
271,265284.06
272,250308.42
273,301060.47
274,154177
275,125850.5
276,191511.1
277,210070.55
278,130185
279,409029.84
280,183274.15
281,243015.21
282,183626.64
283,208367.18
284,286450.95
285,179203
286,165388.08
287,158533
288,95328
289,124727
290,146380.58
291,252298.64
292,131536.62
293,134759.5
294,236290.25
295,158860
296,143584.5
297,141869.48
298,222598
299,182267.5
300,171900.5
301,156320
302,287219.28
303,232323.56
304,140309.5
305,265131.18
306,321588
307,231080.21
308,108455
309,89195.91
310,360480.23
311,171279
312,137490.5
313,123092
314,329876
315,171599
316,192135.51
317,244463.5
318,274140.77
319,263652.19
320,201298
321,360273.97
322,289034.8
323,278184.9
324,120506.95
325,236152.12
326,106846
327,308602.43
328,152235.5
329,202328
330,81667
331,154836.23
332,137627
333,279900.61
334,201345.15
335,187597.75
336,192227.5
337,381186.51
338,213953.22
339,222102.78
340,157384.5
341,237137.33
342,100620.08
343,92745.68
344,278052.46
345,91332.84
346,136963.34
347,156323
348,160665.5
349,170578
350,430634
351,314205.26
352,193756.09
353,95297.5
354,115866.32
355,142682.5
356,179030
357,174148
358,136171.3
359,132283.64
360,271095.03
361,152187.35
362,141245.5
363,188112.48
364,112643.41
365,184051.05
366,136014.04
367,157853.5
368,165789
369,135446
370,157880.25
371,178232
372,132121.31
373,142850.4
374,130054
375,211172
376,81910
377,149701.1
378,315190.45
379,386753.65
380,180576
381,121557.34
382,190627.03
383,239531.72
384,116034.5
385,226077.5
386,199702.61
387,93147.04
388,134465.53
389,202673.22
390,410931.92
391,126127
392,204240
393,112234
394,95038.5
395,109641
396,131274
397,124086.2
398,149359.34
399,79718
400,206117.99
401,254307.48
402,194979.97
403,110147
404,291891.8
405,189586
406,148764.85
407,123036.5
408,180907
409,248014.54
410,263822.05
411,83854.34
412,145665.54
413,219574.14
414,114311
415,198548.65
416,187079.04
417,151420
418,216506
419,117314.5
420,139934.75
421,207367.04
422,215697.7
423,144264.24
424,312106.2
425,142204.75
426,143746.65
427,211418.72
428,112723.96
429,196039.61
430,176678
431,87644
432,97588.34
433,121429.94
434,183533
435,80868
436,187830.85
437,122561.88
438,120216.08
439,96174.26
440,131392
441,516351.54
442,123401.27
443,148334.87
444,205364.34
445,207932.99
446,143196
447,199981.96
448,210768.9
449,122008
450,105562.61
451,117059
452,262914
453,200130
454,243440.61
455,165797.92
456,170672.84
457,92922
458,216199.32
459,172454
460,109353.6
461,261630.2
462,157838.52
463,111774
464,184538
465,129465.1
466,182542.37
467,166125
468,141887
469,257320.49
470,185564.32
471,225182
472,188202.8
473,147481.83
474,417095.6
475,259678.22
476,129870.5
477,199004.64
478,401068.48
479,264251.54
480,101197.98
481,357954.93
482,287356.48
483,160707.49
484,162811
485,133308
486,141612
487,151596
488,166810
489,152801
490,86914
491,104250.94
492,137569
493,181599.69
494,150098
495,100633.71
496,53316
497,379531.98
498,176806
499,122372
500,122790
501,115137.37
502,226464.12
503,141903.75
504,285732
505,143482.34
506,126208
507,232340
508,197979.24
509,171914
510,127394.5
511,165719
512,200291.15
513,114929.4
514,143110.5
515,104345.87
516,405210.67
517,166623
518,263036.55
519,202962
520,232699.09
521,104582.38
522,156833.5
523,145964.84
524,280420
525,283204.09
526,188007.72
527,135379
528,423771.33
529,78586.33
530,202577.26
531,180131
532,125727.24
533,113570
534,45170.26
535,236586.65
536,129707.34
537,188201.5
538,118832.41
539,150211
540,266106.74
541,338338.42
542,244026.3
543,221625.99
544,146751.69
545,184223.1
546,232208.55
547,134379.75
548,129535.75
549,121222.75
550,249109.72
551,136724.5
552,114162
553,264242.45
554,116884.95
555,260405.85
556,114875.5
557,141215.57
558,108933.58
559,185982.6
560,191300.86
561,136855
562,149256
563,117013
564,192793.7
565,248223.5
566,127364.12
567,319648.34
568,216290
569,312203.86
570,136144.73
571,147830.59
572,130002
573,221772.89
574,194641.05
575,132748
576,118879.5
577,145883
578,164556
579,150545.6
580,139733.87
581,180742.5
582,408223.39
583,136998.5
584,376696.1
585,119181.55
586,357557.62
587,132193.5
588,135908.44
589,159152
590,120824.77
591,187616
592,435003.76
593,128684.47
594,140527.5
595,115893
596,302700
597,115032.94
598,212597.41
599,169874.5
600,143248.7433
601,266591.3
602,135965.5
603,227869
604,151741.16
605,224002.72
606,226191.86
607,152650.85
608,144390.5
609,355839.83
610,118460.49
611,313098.36
612,150004.5
613,265645
614,134330.59
615,76406
616,143697.5
617,184130
618,114739
619,310681.23
620,299247.7
621,70150
622,222707
623,134011.63
624,168827
625,165260.5
626,155222
627,144332.5
628,155377.5
629,142519.5
630,166137.5
631,127522.29
632,224186.32
633,115541.8
634,137826.25
635,136503
636,187638.7
637,79170.33
638,98852.34
639,95139.61
640,254246.21
641,283257.14
642,220635.5
643,367134.79
644,143971.44
645,338181.67
646,147876.5
647,103963
648,150095.5
649,151209.5
650,77631
651,202501.7
652,108133
653,197926.78
654,144131.12
655,338437.82
656,88663
657,142153.25
658,156795.79
659,121322
660,156296.39
661,198516
662,417510.22
663,132779.5
664,138260.27
665,421568.52
666,259960.92
667,152431.72
668,193049
669,164721
670,130732.96
671,176931.28
672,115498.91
673,162791
674,243827.18
675,160015.5
676,146860.5
677,91516.59
678,109888
679,362805.75
680,129628
681,137988.5
682,142422.6
683,173867
684,292091.91
685,224593.57
686,198028.3
687,229172.81
688,156623.89
689,362759.51
690,189540.96
691,145152.8131
692,615246.65
693,287268.25
694,124389.52
695,127949.94
696,173912
697,88139
698,123199
699,135463
700,200253.35
701,304226.81
702,155489.34
703,297264.7
704,143233
705,211855.78
706,59059.22
707,289514
708,247636.64
709,193303.07
710,114414.66
711,65375.9
712,103759.58
713,189633
714,123670.7
715,147091
716,164273
717,176620.08
718,153922
719,250998.62
720,129999.5
721,270139.27
722,144337.2917
723,122025.58
724,127990.07
725,353742.1
726,120798.08
727,221874.4
728,195422.74
729,126825.32
730,100304.08
731,266262.15
732,196937.73
733,230081.7
734,136791.25
735,115548.5
736,164787.29
737,93541.18
738,236418
739,165723.62
740,200149.57
741,128320
742,134576.25
743,191943.38
744,166387
745,202478.61
746,293110.33
747,228137
748,240372.39
749,244612.19
750,97597.71
751,106171.34
752,174043.35
753,187839.12
754,271101.4
755,151520.09
756,161188.94
757,226488.58
758,159932
759,170167.25
760,280200.43
761,133139.5
762,122580.21
763,210308.78
764,310206
765,267270.61
766,395795.14
767,224893.15
768,159261
769,230270.15
770,474221.64
771,134067.58
772,107876.8
773,165218.5
774,117443.08
775,400343.38
776,161769
777,232346.09
778,142434.37
779,143374.98
780,152318
781,189701.83
782,173350
783,221806.51
784,158777.62
785,122971.41
786,157428.5
787,125453.45
788,236048.24
789,112049.46
790,177180
791,180947.82
792,154964.5
793,260695.6
794,238177.15
795,210839.3
796,162482.5
797,145390
798,109638.5
799,475465.71
800,158029.5
801,189202.24
802,108680.94
803,187432.65
804,516084.56
805,128650.5
806,220250.85
807,135531.5
808,194043.46
809,152654.2
810,134842.6
811,172504.24
812,146826.25
813,117325.5
814,155801.5
815,108895
816,231353.94
817,130802.24
818,303451.99
819,157116
820,210094.46
821,191807.86
822,105525.5
823,221079.91
824,136384
825,255601.31
826,397688.92
827,105877.5
828,190240
829,178339
830,147435.48
831,152199
832,145233.32
833,222233.96
834,172722
835,140702.5
836,124963.42
837,153526
838,101256
839,147161.25
840,130553
841,165110.37
842,134393.75
843,168381.5
844,134891.28
845,145804.48
846,177556
847,219255.5
848,134596.5
849,235970
850,179706.5
851,135999
852,219841.05
853,146880.5
854,172701
855,164900
856,128018.75
857,152117
858,179162.96
859,150724.8
860,231001.7
861,186106.79
862,124975.69
863,156687
864,134861
865,235362.76
866,140421.5
867,255842.34
868,129576.48
869,166027
870,237587.9
871,112420
872,198265.32
873,119442
874,128204.87
875,77679.5
876,290468.73
877,133761.52
878,334000.53
879,151481
880,133202
881,149327.93
882,200310.06
883,179851
884,117348
885,106474
886,282972.83
887,146658.15
888,135806
889,301922.46
890,157077.5
891,121694.84
892,159009.5
893,153786
894,152420
895,128228.6
896,141565
897,109910
898,142428.75
899,544276.5
900,137319.62
901,116432.08
902,146708.56
903,182476.15
904,244524.95
905,120908
906,129185
907,267817.27
908,245079.33
909,131184.6
910,176964.7
911,149558.82
912,147394.74
913,96822
914,138062.5
915,160252.13
916,79189
917,52779.26
918,140652.64
919,221623.52
920,181756.5
921,193538.64
922,133767.61
923,180058.08
924,187940
925,180965.24
926,157702
927,281055.91
928,185187.8
929,251895.82
930,224709.4
931,276408.66
932,117057.82
933,323393.88
934,193751.75
935,258949.8
936,88833
937,192916.53
938,250176.97
939,232126.97
940,247733.04
941,167914.48
942,212613.89
943,138000.18
944,167023.24
945,147506
946,143607.5
947,141698.32
948,271379.79
949,205929.38
950,185284.5
951,127389
952,121258
953,132455.84
954,157973.54
955,128442
956,142066.5
957,129105.69
958,132500
959,189384.58
960,157983
961,117092
962,212562.5
963,150096
964,272889.48
965,209498.5
966,177654.56
967,137579.24
968,135051.25
969,54826
970,140035.5
971,115727
972,172024
973,138007.5
974,195739.29
975,175662.48
976,164239
977,100864.42
978,201836.14
979,114173
980,141541.5
981,235798.15
982,323898.65
983,187014.79
984,256813.9
985,137587.8
986,126056.28
987,120021.34
988,378635.43
989,184550
990,194034.3
991,290762.03
992,188672.2
993,168168.5
994,175165.98
995,377457.79
996,116832
997,135479
998,182670
999,93819.59
1000,202290.98
1001,92975.32
1002,86442.5
1003,238690.34
1004,172379
1005,185999.3
1006,143193.2
1007,191792.72
1008,85530
1009,242246.43
1010,108533
1011,127520.41
1012,142779.39
1013,159331
1014,93375
1015,125144.5
1016,233622
1017,208633.86
1018,231440
1019,168857.85
1020,202555.3
1021,161451.53
1022,193827.31
1023,116908.84
1024,191479.45
1025,326253.31
1026,119801.2
1027,143026.37
1028,285589.13
1029,114239.5
1030,109909.49
1031,146213.37
1032,218035.81
1033,300979.24
1034,220131.01
1035,118722
1036,89711.67
1037,357506.33
1038,270002.3
1039,102293.34
1040,81545
1041,157526
1042,170388.5
1043,185778.5
1044,257909.32
1045,297673.07
1046,142372.82
1047,479965.86
1048,141282
1049,134821
1050,93946.41
1051,181207.87
1052,209808.15
1053,165522
1054,141666.98
1055,257093.39
1056,182320.5
1057,193526.95
1058,259837.25
1059,328040.84
1060,147112.5
1061,212305.11
1062,94536.87
1063,110272
1064,117517.5
1065,151278.5
1066,304779
1067,176303.5
1068,167404.5
1069,142048.93
1070,130987.84
1071,130983.5
1072,171851
1073,95003
1074,154118.32
1075,204189.3
1076,218831.06
1077,141942.17
1078,146389.5
1079,148303.8333
1080,132818.53
1081,160639.32
1082,129692
1083,198881.58
1084,160154.5
1085,178345.92
1086,156450.5
1087,84204
1088,260271.68
1089,136737.65
1090,198018.61
1091,94748.7
1092,161868.52
1093,141808
1094,155371.62
1095,125836.09
1096,178663.08
1097,123799.79
1098,180204
1099,118236
1100,156568.72
1101,62689.44
1102,127623.5
1103,138115
1104,155612
1105,94902.5
1106,310773.02
1107,211691.36
1108,258754.91
1109,187422
1110,299661.04
1111,185043
1112,190990
1113,125478
1114,119970.75
1115,117545.84
1116,311854.15
1117,206827.77
1118,128745
1119,142201
1120,130515
1121,119687
1122,224589.97
1123,104265.58
1124,112020.61
1125,173642.5
1126,115420.17
1127,195081.82
1128,252423.92
1129,208784.75
1130,133145.52
1131,121142.5
1132,126587.75
1133,130453
1134,277478.3
1135,187219.75
1136,105792
1137,125494
1138,105960.84
1139,186666.5
1140,139736.37
1141,130812.16
1142,153694.5
1143,361166.21
1144,92706.58
1145,102301
1146,126703
1147,165745.5
1148,176663
1149,162303.15
1150,151540
1151,125042
1152,156367
1153,230996.18
1154,122508
1155,210721.5
1156,196422.5
1157,167798
1158,217142.18
1159,246206.19
1160,175916
1161,145450.5
1162,220934.74
1163,126356
1164,120119.27
1165,190030
1166,234285.51
1167,270654.6
1168,176441
1169,221396
1170,439093.91
1171,169057
1172,157122.5
1173,167151.04
1174,166141
1175,221428.7
1176,312763
1177,130484.21
1178,118627.38
1179,138414.5
1180,121649
1181,237308.68
1182,356476.89
1183,430227.3
1184,123008.42
1185,160860.64
1186,114587.08
1187,100989.87
1188,269613
1189,197006.65
1190,192290
1191,166963.65
1192,182006
1193,124457
1194,166043.32
1195,160090.32
1196,171151.65
1197,216690.5
1198,156463.5
1199,185787.73
1200,141345.64
1201,116469.16
1202,206186.7
1203,123004.84
1204,227138.45
1205,145595.03
1206,258694
1207,117704.17
1208,194931.65
1209,143448.98
1210,282777.65
1211,178630
1212,205561.86
1213,94213.33
1214,137658.5
1215,136492.25
1216,119678.08
1217,127442
1218,243406.68
1219,75199.22
1220,98739.08
1221,117212.74
1222,141478.6
1223,140169
1224,125493
1225,189463.15
1226,145979
1227,205245.68
1228,133028
1229,321844.79
1230,138547.48
1231,183503
1232,139554.9
1233,116476.77
1234,147635.75
1235,128280
1236,137466.94
1237,172824
1238,218682.47
1239,152774.19
1240,262757.98
1241,207943.74
1242,251751.52
1243,175316
1244,442531.29
1245,220304
1246,176303.82
1247,191875.65
1248,166155.5
1249,135555.79
1250,116319.5
1251,222640
1252,179176.9
1253,125688.18
1254,250397.58
1255,170170.17
1256,126687
1257,317575.04
1258,97554
1259,195971.67
1260,151141
1261,214313.65
1262,128316
1263,133798.63
1264,164503.75
1265,176706.64
1266,177525.17
1267,136331.25
1268,403779.02
1269,366455.65
1270,133100.45
1271,245158.59
1272,183580
1273,134901.84
1274,178127
1275,103506.52
1276,135590.48
1277,167224.5
1278,192814.18
1279,249746.67
1280,72571
1281,222897.21
1282,187682.69
1283,144875
1284,139647.5
1285,172790
1286,125900
1287,149343
1288,177973
1289,283769
1290,263911.15
1291,171995.59
1292,111580
1293,113329.15
1294,168619
1295,115813.5
1296,138319.5
1297,148959
1298,142269.33
1299,249430.68
1300,150050.25
1301,220678
1302,161101
1303,278675
1304,226524.76
1305,145776.8629
1306,336002.38
1307,200036.25
1308,138743.6
1309,148387.25
1310,177202.82
1311,296912.21
1312,201348.12
1313,292943.7
1314,355119.73
1315,115396.06
1316,193225.5
1317,300590.09
1318,208882.27
1319,288561.39
1320,112751.9
1321,151850.5
1322,73513
1323,205064.65
1324,66526.33
1325,208669.02
1326,88759.08
1327,82566.42
1328,128734.47
1329,209231.5
1330,184012.78
1331,241775.31
1332,135497
1333,102537.5
1334,125246.36
1335,126108.88
1336,166428
1337,153343.01
1338,61291.11
1339,226506.91
1340,128302.5
1341,119360.16
1342,165097
1343,249752.52
1344,155754
1345,174333.4
1346,105811.71
1347,258213.58
1348,295649.43
1349,225336.32
1350,154060.38
1351,182447
1352,165556
1353,132957
1354,398117.01
1355,232374.5
1356,217537.26
1357,112498.5
1358,149350
1359,170684.98
1360,333191.16
1361,169506
1362,251446.6
1363,133305.4
1364,163159.49
1365,145233.32
1366,203118
1367,194855
1368,132786.85
1369,143317.5
1370,281892.57
1371,104328.66
1372,168011
1373,259700.8
1374,345737.36
1375,256558.85
1376,241739.56
1377,100699
1378,130925.5
1379,102277
1380,160577.6
1381,67784
1382,233181.9
1383,155993.5
1384,126855
1385,113461.75
1386,117538.75
1387,233091.99
1388,167879
1389,368968.45
1390,128082
1391,225497.7
1392,127692.53
1393,128496
1394,157362.5
1395,226573.97
1396,284231.77
1397,172278
1398,136230.18
1399,128874.31
1400,132824
1401,121287.5
1402,186311.5
1403,196598.72
1404,285381.26
1405,97845.22
1406,267798.27
1407,133606
1408,116439.5
1409,86710.5
1410,226737.51
1411,228819.77
1412,151941
1413,97690
1414,278494.77
1415,193754
1416,189961.14
1417,116910.57
1418,317437.06
1419,138569.12
1420,203548.2
1421,180451.5
1422,131872
1423,139456.5
1424,251130.4
1425,144812.5
1426,145565
1427,252766.4
1428,134269
1429,116458.84
1430,196053.74
1431,175584.6
1432,145675
1433,100308.21
1434,186374
1435,145560.82
1436,181557.5
1437,120924.08
1438,389503.97
1439,156537.5
1440,205818.75
1441,187862.5
1442,145152.8131
1443,323137.06
1444,127315
1445,184222.69
1446,136361
1447,157107
1448,257427
1449,112373.92
1450,93022
1451,133052.44
1452,273180.74
1453,145643.17
1454,117626.4
1455,191666.58
1456,179710
1457,202430.85
1458,247559.07
1459,138036
1460,146224.25
27
1407,133606.0
1408,116439.5
1409,86710.5
1410,226737.51
1411,228819.77
1412,151941.0
1413,97690.0
1414,278494.77
1415,193754.0
1416,189961.14
1417,116910.57
1418,317437.06
1419,138569.12
1420,203548.2
1421,180451.5
1422,131872.0
1423,139456.5
1424,251130.4
1425,144812.5
1426,145565.0
1427,252766.4
1428,134269.0
1429,116458.84
1430,196053.74
1431,175584.6
1432,145675.0
1433,100308.21
1434,186374.0
1435,145560.82
1436,181557.5
1437,120924.08
1438,389503.97
1439,156537.5
1440,205818.75
1441,187862.5
1442,145152.81309523812
1443,323137.06
1444,127315.0
1445,184222.69
1446,136361.0
1447,157107.0
1448,257427.0
1449,112373.92
1450,93022.0
1451,133052.44
1452,273180.74
1453,145643.17
1454,117626.4
1455,191666.58
1456,179710.0
1457,202430.85
1458,247559.07
1459,138036.0
1460,146224.25
